.Random.seed <-
c(403L, 10L, -1570905859L, -1338436364L, 2041639898L, 84322085L, 
-736235969L, 234116550L, -993529264L, 161877619L, 1711850129L, 
850279104L, -1104700258L, -726609815L, 387386523L, -1925855830L, 
1987405260L, -1392424817L, 1345325253L, 883656828L, 487834834L, 
1817451597L, 1927924999L, -541789970L, 125657544L, -287709493L, 
-669616343L, 1618362232L, 623862950L, -230889791L, -354689197L, 
-1855628286L, 919071028L, -572759369L, -616792403L, 912388036L, 
-215590934L, 624162901L, 431482351L, 49532406L, 539704096L, -1715251997L, 
-1082994303L, -810932240L, -590395762L, -1276335623L, 1353753483L, 
1455910842L, -1544569156L, 466834943L, -2138434731L, -1497308052L, 
-1636106046L, 1985405725L, -1684145769L, -1484128002L, 1619980984L, 
-1351537509L, 1441037049L, -1364693944L, -563769482L, -1464739151L, 
1311374051L, 1815329202L, 2047273476L, 644383047L, -689296355L, 
-1092246892L, -36861382L, 461964421L, 1929558367L, 355678694L, 
-1487730576L, 273980307L, 2129333297L, -2093088032L, 348967806L, 
-262731255L, -865992133L, 22608906L, -1948523540L, 1705707631L, 
1168959397L, -738562212L, 1751724850L, -91391443L, 1201109223L, 
-1660626418L, 423757800L, 17848811L, -1852437879L, 1921098264L, 
57968966L, 1152001953L, 1322592819L, 628918178L, 540344980L, 
1848269079L, -960772339L, -1431175644L, -2047351286L, 1115414389L, 
645507791L, 2008002006L, -1506614912L, 2049685955L, -1523519647L, 
-1650076208L, -1352252114L, -866896679L, 1950568171L, 1327000410L, 
-82014948L, -216511457L, -770936715L, 1507093772L, 449069282L, 
-489010755L, -1421210057L, -760896290L, -375611368L, -451174533L, 
-770326759L, 242041768L, 676574038L, -362222639L, -1214742653L, 
1627720210L, 2071182756L, -1807021721L, 2100303549L, -1861042636L, 
-172022374L, 2041512421L, -1070387841L, 157664518L, -1098981744L, 
-1411557581L, -105110319L, -2141757824L, -1489918114L, 640222377L, 
1234204507L, 691260778L, 258129932L, -5785521L, 671199493L, 578292156L, 
1434999954L, -1644222579L, 514924487L, -783383378L, -1482054392L, 
431952651L, 1956511209L, 813419192L, 1501777254L, 1266238977L, 
-1323356013L, -976041150L, -404323084L, 1998287095L, 1150855405L, 
1874070404L, 786171306L, 1942559509L, 2035239343L, -729265738L, 
1370468320L, 905756451L, -1906905023L, 334539568L, -1121590962L, 
-106064967L, 766985675L, 846296698L, 1988115324L, 625644479L, 
1947974805L, -97140052L, -1351524222L, -1431080867L, -1661614249L, 
612629054L, -1849913736L, 1635298651L, 304094393L, 821392648L, 
452982710L, 729849073L, 1627372323L, 1586249074L, 1392940996L, 
10122119L, 1596465501L, 671997780L, -1278564998L, 99541189L, 
1443930655L, -2140396122L, -757561552L, 1345883603L, -2114389007L, 
-299614944L, 1397431230L, -935291959L, 662332283L, 409141578L, 
-1326805588L, -891766609L, -846495131L, -231491044L, 1062941810L, 
496102125L, 1544615719L, -949996722L, -73745496L, -1127563349L, 
1507413193L, 822369496L, 1974215046L, -25954207L, 1797487091L, 
734439522L, 421289684L, 145491927L, -1584933427L, -1609879196L, 
-1377471158L, -2013812390L, 837865872L, 1645330300L, -2118461164L, 
-752369854L, -978354432L, -1139227716L, -1031713968L, 334139170L, 
-1703164600L, -995039732L, 1520496732L, 434469074L, 1751819776L, 
770943316L, 1541699048L, 789926906L, -1134002992L, 1268836652L, 
-1047324940L, 601634194L, 953213024L, 638543116L, 1621005024L, 
-456927902L, -1947907416L, 1373729356L, 1009282428L, -958803662L, 
783064176L, 2055889732L, 1348164056L, -1752748934L, -1486610896L, 
-751717700L, -215659692L, 1018036290L, -1209480800L, 1616328380L, 
2103981520L, -1061794462L, 2146353128L, -1004990516L, 611785468L, 
1987448306L, -576650112L, -600211212L, -52796792L, -1034968262L, 
226148176L, -983567764L, -1597409132L, -821403310L, 913237728L, 
484720332L, 740425888L, 1255982978L, 1747527400L, -1546641684L, 
1172111420L, 906505842L, -901211024L, 960004644L, -1828507592L, 
-988293094L, 1009440464L, -1790813124L, -577567596L, 918694018L, 
-129921088L, -1739011780L, -1613066608L, 955287586L, 1474693128L, 
924695692L, 671634460L, -180944238L, -493662080L, -656907244L, 
-1827618520L, 1288796730L, 314938576L, 369572972L, 1204674228L, 
1284581394L, 1932275680L, 349072332L, -1089698336L, -803177950L, 
-118295256L, 261877004L, -1246263748L, 1926535410L, -1438333200L, 
1396055876L, -1460631976L, -1677333958L, 1282690800L, -977078084L, 
-1598178796L, 490994882L, -729445280L, -2042057348L, -1476953904L, 
-58463198L, 1785357992L, -78468212L, 411030972L, 1449796658L, 
-161460416L, -1117379404L, 2121244488L, -678079814L, -1511473392L, 
209634540L, 197954644L, -490459374L, 873037728L, -765574196L, 
1483021152L, -99679038L, -475496920L, 1853111724L, 1300917052L, 
-1045047438L, -451395792L, 326374948L, 270167096L, 1534585050L, 
1172503952L, -41116932L, -1859533932L, -576708798L, -893114880L, 
-1194496452L, 1549587024L, -1997848926L, 282389320L, -1617075700L, 
-1836017444L, 190814802L, -1935132544L, 247817044L, 525225448L, 
660967162L, -1846113456L, 1170082860L, 178379124L, 898242194L, 
1867710048L, -2074896756L, -1211410592L, 1219257058L, -1096183640L, 
982080716L, -1309789700L, -634484814L, 1223109104L, -2090953276L, 
-1083772072L, 1702875002L, -124050000L, 1500233148L, -1068749740L, 
1939369922L, 204125984L, 1477198780L, -615186864L, -1484441118L, 
-2088721048L, -2000612020L, 471358716L, 1868808946L, -1119950080L, 
1467371124L, -1760084984L, 1362184634L, 1144376272L, -1032055316L, 
194011028L, -1913860398L, -41538976L, -928852660L, -1152077536L, 
1608976002L, -688011800L, 1774001132L, -1401292228L, 90596978L, 
-834610320L, 847698212L, -13481416L, 29378970L, -953127472L, 
-1473794628L, -1276230508L, 822251650L, 1906644416L, -437287108L, 
-1960339312L, -1005720798L, 817930760L, 1438802188L, 1665952156L, 
683235858L, -2084307072L, -902196460L, 1636235560L, -1498234822L, 
749532112L, 976275052L, -1069338060L, 2116343442L, 893562208L, 
-1618878132L, 229331936L, 1266573730L, -1298914904L, 1775386252L, 
820450748L, 1590780530L, -1425503248L, 365967940L, -722247592L, 
-183446470L, 1358863472L, -98909124L, 2076508411L, 765495133L, 
-1399593846L, -756927832L, 1741053457L, -1423339773L, 693185028L, 
-104394190L, -375147897L, -2024552751L, 2037051478L, 252268596L, 
-1768983739L, 1135706511L, -1812666104L, 479834918L, -545043501L, 
-135254731L, -2052100974L, -1035066272L, -1131183671L, 508377339L, 
-1241086260L, 989412186L, 797982287L, -115131623L, -1500920530L, 
1998602044L, 197557421L, 1318301527L, -656858464L, 1967188990L, 
533727947L, -33977139L, 1771802618L, -1529813960L, -1128839711L, 
-977424749L, -225723212L, 1202693570L, 495957463L, 1533041185L, 
1895008742L, 1435689188L, -209010667L, -889348033L, 1266528216L, 
-877358602L, 586379779L, 220931397L, 471282018L, -846816560L, 
1874556409L, 1025113387L, -747037028L, 311004362L, -499210817L, 
277608713L, 1165236766L, 1937577932L, -665139811L, -815505369L, 
-904049072L, -2123482386L, 1236001691L, 1680814589L, 2096006378L, 
-378908792L, -1337521871L, -1100088925L, 1800449444L, -563900334L, 
-948485209L, 1919277041L, -1293421770L, 754745300L, 1706526053L, 
-426055313L, 905630632L, -1132742394L, -1282516941L, 732851861L, 
-1099012366L, 210941760L, -937122647L, 466802971L, -260612372L, 
-805747974L, 2116946735L, -1830710471L, -983841458L, -364366948L, 
-1170097907L, -2031576201L, -294424704L, -303088162L, 930718379L, 
484515245L, 1827025434L, -1326316328L, -552375999L, -799174157L, 
660813844L, -986677854L, 1603500727L, 267949185L, 1568334982L, 
1648353476L, -1829011979L, -1739708321L, 434811576L, 1643170710L, 
1884936611L, -1877226139L, -700322686L, 1966818800L, 1887523737L, 
2030572939L, 1843904636L, 915882666L, 594320607L, -871597463L, 
-1984743298L, 1075396716L, 1541527741L, -1022269049L, -1880875664L, 
1749395470L, -945584837L, 62204445L, 1163062986L, -724776472L, 
1623531217L, -1512015165L, 340980164L, 448894578L, 493143879L, 
547157777L, 689826454L, -509177868L, -890062459L, -1262578481L, 
-1426379320L, 293127270L, -832871789L, -352155147L, -2137275438L, 
